Link [world] does not have an origin. Assuming this is the fixed world base frame. Else there is an error with your URDF file.
Link [world] does not have inertial properties. Assuming this is the fixed world base frame. Else there is an error with your URDF file.
------------------------------------------
Assumed Input Joint Configuration Ordering
------------------------------------------
lbr_iiwa_joint_1
lbr_iiwa_joint_2
lbr_iiwa_joint_3
lbr_iiwa_joint_4
lbr_iiwa_joint_5
lbr_iiwa_joint_6
lbr_iiwa_joint_7
----------------------------
iiwa_rbd_accel
num_fproc_PEs: 1
len_fproc_sched: 29
--------------
| ID || c1 | d1 ||
|  1 ||  0 |  1 ||
|  2 ||  1 |  1 ||
|  3 ||  2 |  1 ||
|  4 ||  3 |  1 ||
|  5 ||  4 |  1 ||
|  6 ||  5 |  1 ||
|  7 ||  6 |  1 ||
|  0 ||  7 |  1 ||
|  0 ||  2 |  2 ||
|  0 ||  3 |  2 ||
|  0 ||  4 |  2 ||
|  0 ||  5 |  2 ||
|  0 ||  6 |  2 ||
|  0 ||  7 |  2 ||
|  0 ||  3 |  3 ||
|  0 ||  4 |  3 ||
|  0 ||  5 |  3 ||
|  0 ||  6 |  3 ||
|  0 ||  7 |  3 ||
|  0 ||  4 |  4 ||
|  0 ||  5 |  4 ||
|  0 ||  6 |  4 ||
|  0 ||  7 |  4 ||
|  0 ||  5 |  5 ||
|  0 ||  6 |  5 ||
|  0 ||  7 |  5 ||
|  0 ||  6 |  6 ||
|  0 ||  7 |  6 ||
|  0 ||  7 |  7 ||
--------------
num_fproc_PEs: 2
len_fproc_sched: 16
--------------
| ID || c1 | d1 || c2 | d2 ||
|  1 ||  0 |  1 ||  0 |  2 ||
|  2 ||  1 |  1 ||  0 |  2 ||
|  3 ||  2 |  1 ||  2 |  2 ||
|  4 ||  3 |  1 ||  3 |  2 ||
|  5 ||  4 |  1 ||  4 |  2 ||
|  6 ||  5 |  1 ||  5 |  2 ||
|  7 ||  6 |  1 ||  6 |  2 ||
|  0 ||  7 |  1 ||  7 |  2 ||
|  0 ||  3 |  3 ||  4 |  4 ||
|  0 ||  4 |  3 ||  5 |  4 ||
|  0 ||  5 |  3 ||  6 |  4 ||
|  0 ||  6 |  3 ||  7 |  4 ||
|  0 ||  7 |  3 ||  5 |  5 ||
|  0 ||  6 |  6 ||  6 |  5 ||
|  0 ||  7 |  6 ||  7 |  5 ||
|  0 ||  7 |  7 ||  0 |  5 ||
--------------
num_fproc_PEs: 3
len_fproc_sched: 12
--------------
| ID || c1 | d1 || c2 | d2 || c3 | d3 ||
|  1 ||  0 |  1 ||  0 |  2 ||  0 |  3 ||
|  2 ||  1 |  1 ||  0 |  2 ||  0 |  3 ||
|  3 ||  2 |  1 ||  2 |  2 ||  0 |  3 ||
|  4 ||  3 |  1 ||  3 |  2 ||  3 |  3 ||
|  5 ||  4 |  1 ||  4 |  2 ||  4 |  3 ||
|  6 ||  5 |  1 ||  5 |  2 ||  5 |  3 ||
|  7 ||  6 |  1 ||  6 |  2 ||  6 |  3 ||
|  0 ||  7 |  1 ||  7 |  2 ||  7 |  3 ||
|  0 ||  4 |  4 ||  5 |  5 ||  6 |  6 ||
|  0 ||  5 |  4 ||  6 |  5 ||  7 |  6 ||
|  0 ||  6 |  4 ||  7 |  5 ||  7 |  7 ||
|  0 ||  7 |  4 ||  0 |  5 ||  0 |  7 ||
--------------
num_fproc_PEs: 4
len_fproc_sched: 11
--------------
| ID || c1 | d1 || c2 | d2 || c3 | d3 || c4 | d4 ||
|  1 ||  0 |  1 ||  0 |  2 ||  0 |  3 ||  0 |  4 ||
|  2 ||  1 |  1 ||  0 |  2 ||  0 |  3 ||  0 |  4 ||
|  3 ||  2 |  1 ||  2 |  2 ||  0 |  3 ||  0 |  4 ||
|  4 ||  3 |  1 ||  3 |  2 ||  3 |  3 ||  0 |  4 ||
|  5 ||  4 |  1 ||  4 |  2 ||  4 |  3 ||  4 |  4 ||
|  6 ||  5 |  1 ||  5 |  2 ||  5 |  3 ||  5 |  4 ||
|  7 ||  6 |  1 ||  6 |  2 ||  6 |  3 ||  6 |  4 ||
|  0 ||  7 |  1 ||  7 |  2 ||  7 |  3 ||  7 |  4 ||
|  0 ||  5 |  5 ||  6 |  6 ||  7 |  7 ||  0 |  4 ||
|  0 ||  6 |  5 ||  7 |  6 ||  0 |  7 ||  0 |  4 ||
|  0 ||  7 |  5 ||  0 |  6 ||  0 |  7 ||  0 |  4 ||
--------------
num_fproc_PEs: 5
len_fproc_sched: 10
--------------
| ID || c1 | d1 || c2 | d2 || c3 | d3 || c4 | d4 || c5 | d5 ||
|  1 ||  0 |  1 ||  0 |  2 ||  0 |  3 ||  0 |  4 ||  0 |  5 ||
|  2 ||  1 |  1 ||  0 |  2 ||  0 |  3 ||  0 |  4 ||  0 |  5 ||
|  3 ||  2 |  1 ||  2 |  2 ||  0 |  3 ||  0 |  4 ||  0 |  5 ||
|  4 ||  3 |  1 ||  3 |  2 ||  3 |  3 ||  0 |  4 ||  0 |  5 ||
|  5 ||  4 |  1 ||  4 |  2 ||  4 |  3 ||  4 |  4 ||  0 |  5 ||
|  6 ||  5 |  1 ||  5 |  2 ||  5 |  3 ||  5 |  4 ||  5 |  5 ||
|  7 ||  6 |  1 ||  6 |  2 ||  6 |  3 ||  6 |  4 ||  6 |  5 ||
|  0 ||  7 |  1 ||  7 |  2 ||  7 |  3 ||  7 |  4 ||  7 |  5 ||
|  0 ||  6 |  6 ||  7 |  7 ||  0 |  3 ||  0 |  4 ||  0 |  5 ||
|  0 ||  7 |  6 ||  0 |  7 ||  0 |  3 ||  0 |  4 ||  0 |  5 ||
--------------
num_fproc_PEs: 6
len_fproc_sched: 9
--------------
| ID || c1 | d1 || c2 | d2 || c3 | d3 || c4 | d4 || c5 | d5 || c6 | d6 ||
|  1 ||  0 |  1 ||  0 |  2 ||  0 |  3 ||  0 |  4 ||  0 |  5 ||  0 |  6 ||
|  2 ||  1 |  1 ||  0 |  2 ||  0 |  3 ||  0 |  4 ||  0 |  5 ||  0 |  6 ||
|  3 ||  2 |  1 ||  2 |  2 ||  0 |  3 ||  0 |  4 ||  0 |  5 ||  0 |  6 ||
|  4 ||  3 |  1 ||  3 |  2 ||  3 |  3 ||  0 |  4 ||  0 |  5 ||  0 |  6 ||
|  5 ||  4 |  1 ||  4 |  2 ||  4 |  3 ||  4 |  4 ||  0 |  5 ||  0 |  6 ||
|  6 ||  5 |  1 ||  5 |  2 ||  5 |  3 ||  5 |  4 ||  5 |  5 ||  0 |  6 ||
|  7 ||  6 |  1 ||  6 |  2 ||  6 |  3 ||  6 |  4 ||  6 |  5 ||  6 |  6 ||
|  0 ||  7 |  1 ||  7 |  2 ||  7 |  3 ||  7 |  4 ||  7 |  5 ||  7 |  6 ||
|  0 ||  7 |  7 ||  0 |  2 ||  0 |  3 ||  0 |  4 ||  0 |  5 ||  0 |  6 ||
--------------
num_fproc_PEs: 7
len_fproc_sched: 8
--------------
| ID || c1 | d1 || c2 | d2 || c3 | d3 || c4 | d4 || c5 | d5 || c6 | d6 || c7 | d7 ||
|  1 ||  0 |  1 ||  0 |  2 ||  0 |  3 ||  0 |  4 ||  0 |  5 ||  0 |  6 ||  0 |  7 ||
|  2 ||  1 |  1 ||  0 |  2 ||  0 |  3 ||  0 |  4 ||  0 |  5 ||  0 |  6 ||  0 |  7 ||
|  3 ||  2 |  1 ||  2 |  2 ||  0 |  3 ||  0 |  4 ||  0 |  5 ||  0 |  6 ||  0 |  7 ||
|  4 ||  3 |  1 ||  3 |  2 ||  3 |  3 ||  0 |  4 ||  0 |  5 ||  0 |  6 ||  0 |  7 ||
|  5 ||  4 |  1 ||  4 |  2 ||  4 |  3 ||  4 |  4 ||  0 |  5 ||  0 |  6 ||  0 |  7 ||
|  6 ||  5 |  1 ||  5 |  2 ||  5 |  3 ||  5 |  4 ||  5 |  5 ||  0 |  6 ||  0 |  7 ||
|  7 ||  6 |  1 ||  6 |  2 ||  6 |  3 ||  6 |  4 ||  6 |  5 ||  6 |  6 ||  0 |  7 ||
|  0 ||  7 |  1 ||  7 |  2 ||  7 |  3 ||  7 |  4 ||  7 |  5 ||  7 |  6 ||  7 |  7 ||
--------------
num_fproc_PEs: 8
len_fproc_sched: 8
--------------
| ID || c1 | d1 || c2 | d2 || c3 | d3 || c4 | d4 || c5 | d5 || c6 | d6 || c7 | d7 || c8 | d8 ||
|  1 ||  0 |  1 ||  0 |  2 ||  0 |  3 ||  0 |  4 ||  0 |  5 ||  0 |  6 ||  0 |  7 ||  0 |  1 ||
|  2 ||  1 |  1 ||  0 |  2 ||  0 |  3 ||  0 |  4 ||  0 |  5 ||  0 |  6 ||  0 |  7 ||  0 |  1 ||
|  3 ||  2 |  1 ||  2 |  2 ||  0 |  3 ||  0 |  4 ||  0 |  5 ||  0 |  6 ||  0 |  7 ||  0 |  1 ||
|  4 ||  3 |  1 ||  3 |  2 ||  3 |  3 ||  0 |  4 ||  0 |  5 ||  0 |  6 ||  0 |  7 ||  0 |  1 ||
|  5 ||  4 |  1 ||  4 |  2 ||  4 |  3 ||  4 |  4 ||  0 |  5 ||  0 |  6 ||  0 |  7 ||  0 |  1 ||
|  6 ||  5 |  1 ||  5 |  2 ||  5 |  3 ||  5 |  4 ||  5 |  5 ||  0 |  6 ||  0 |  7 ||  0 |  1 ||
|  7 ||  6 |  1 ||  6 |  2 ||  6 |  3 ||  6 |  4 ||  6 |  5 ||  6 |  6 ||  0 |  7 ||  0 |  1 ||
|  0 ||  7 |  1 ||  7 |  2 ||  7 |  3 ||  7 |  4 ||  7 |  5 ||  7 |  6 ||  7 |  7 ||  0 |  1 ||
--------------
num_fproc_PEs: 9
len_fproc_sched: 8
--------------
| ID || c1 | d1 || c2 | d2 || c3 | d3 || c4 | d4 || c5 | d5 || c6 | d6 || c7 | d7 || c8 | d8 || c9 | d9 ||
|  1 ||  0 |  1 ||  0 |  2 ||  0 |  3 ||  0 |  4 ||  0 |  5 ||  0 |  6 ||  0 |  7 ||  0 |  1 ||  0 |  1 ||
|  2 ||  1 |  1 ||  0 |  2 ||  0 |  3 ||  0 |  4 ||  0 |  5 ||  0 |  6 ||  0 |  7 ||  0 |  1 ||  0 |  1 ||
|  3 ||  2 |  1 ||  2 |  2 ||  0 |  3 ||  0 |  4 ||  0 |  5 ||  0 |  6 ||  0 |  7 ||  0 |  1 ||  0 |  1 ||
|  4 ||  3 |  1 ||  3 |  2 ||  3 |  3 ||  0 |  4 ||  0 |  5 ||  0 |  6 ||  0 |  7 ||  0 |  1 ||  0 |  1 ||
|  5 ||  4 |  1 ||  4 |  2 ||  4 |  3 ||  4 |  4 ||  0 |  5 ||  0 |  6 ||  0 |  7 ||  0 |  1 ||  0 |  1 ||
|  6 ||  5 |  1 ||  5 |  2 ||  5 |  3 ||  5 |  4 ||  5 |  5 ||  0 |  6 ||  0 |  7 ||  0 |  1 ||  0 |  1 ||
|  7 ||  6 |  1 ||  6 |  2 ||  6 |  3 ||  6 |  4 ||  6 |  5 ||  6 |  6 ||  0 |  7 ||  0 |  1 ||  0 |  1 ||
|  0 ||  7 |  1 ||  7 |  2 ||  7 |  3 ||  7 |  4 ||  7 |  5 ||  7 |  6 ||  7 |  7 ||  0 |  1 ||  0 |  1 ||
--------------
num_fproc_PEs: 10
len_fproc_sched: 8
--------------
| ID || c1 | d1 || c2 | d2 || c3 | d3 || c4 | d4 || c5 | d5 || c6 | d6 || c7 | d7 || c8 | d8 || c9 | d9 || c10 | d10 ||
|  1 ||  0 |  1 ||  0 |  2 ||  0 |  3 ||  0 |  4 ||  0 |  5 ||  0 |  6 ||  0 |  7 ||  0 |  1 ||  0 |  1 ||  0 |  1 ||
|  2 ||  1 |  1 ||  0 |  2 ||  0 |  3 ||  0 |  4 ||  0 |  5 ||  0 |  6 ||  0 |  7 ||  0 |  1 ||  0 |  1 ||  0 |  1 ||
|  3 ||  2 |  1 ||  2 |  2 ||  0 |  3 ||  0 |  4 ||  0 |  5 ||  0 |  6 ||  0 |  7 ||  0 |  1 ||  0 |  1 ||  0 |  1 ||
|  4 ||  3 |  1 ||  3 |  2 ||  3 |  3 ||  0 |  4 ||  0 |  5 ||  0 |  6 ||  0 |  7 ||  0 |  1 ||  0 |  1 ||  0 |  1 ||
|  5 ||  4 |  1 ||  4 |  2 ||  4 |  3 ||  4 |  4 ||  0 |  5 ||  0 |  6 ||  0 |  7 ||  0 |  1 ||  0 |  1 ||  0 |  1 ||
|  6 ||  5 |  1 ||  5 |  2 ||  5 |  3 ||  5 |  4 ||  5 |  5 ||  0 |  6 ||  0 |  7 ||  0 |  1 ||  0 |  1 ||  0 |  1 ||
|  7 ||  6 |  1 ||  6 |  2 ||  6 |  3 ||  6 |  4 ||  6 |  5 ||  6 |  6 ||  0 |  7 ||  0 |  1 ||  0 |  1 ||  0 |  1 ||
|  0 ||  7 |  1 ||  7 |  2 ||  7 |  3 ||  7 |  4 ||  7 |  5 ||  7 |  6 ||  7 |  7 ||  0 |  1 ||  0 |  1 ||  0 |  1 ||
--------------
num_bproc_PEs: 1
len_bproc_sched: 56
--------------
| ID || c1 | d1 ||
|  8 ||  8 |  1 ||
|  7 ||  7 |  1 ||
|  6 ||  6 |  1 ||
|  5 ||  5 |  1 ||
|  4 ||  4 |  1 ||
|  3 ||  3 |  1 ||
|  2 ||  2 |  1 ||
|  1 ||  1 |  1 ||
|  0 ||  8 |  2 ||
|  0 ||  7 |  2 ||
|  0 ||  6 |  2 ||
|  0 ||  5 |  2 ||
|  0 ||  4 |  2 ||
|  0 ||  3 |  2 ||
|  0 ||  2 |  2 ||
|  0 ||  1 |  2 ||
|  0 ||  8 |  3 ||
|  0 ||  7 |  3 ||
|  0 ||  6 |  3 ||
|  0 ||  5 |  3 ||
|  0 ||  4 |  3 ||
|  0 ||  3 |  3 ||
|  0 ||  2 |  3 ||
|  0 ||  1 |  3 ||
|  0 ||  8 |  4 ||
|  0 ||  7 |  4 ||
|  0 ||  6 |  4 ||
|  0 ||  5 |  4 ||
|  0 ||  4 |  4 ||
|  0 ||  3 |  4 ||
|  0 ||  2 |  4 ||
|  0 ||  1 |  4 ||
|  0 ||  8 |  5 ||
|  0 ||  7 |  5 ||
|  0 ||  6 |  5 ||
|  0 ||  5 |  5 ||
|  0 ||  4 |  5 ||
|  0 ||  3 |  5 ||
|  0 ||  2 |  5 ||
|  0 ||  1 |  5 ||
|  0 ||  8 |  6 ||
|  0 ||  7 |  6 ||
|  0 ||  6 |  6 ||
|  0 ||  5 |  6 ||
|  0 ||  4 |  6 ||
|  0 ||  3 |  6 ||
|  0 ||  2 |  6 ||
|  0 ||  1 |  6 ||
|  0 ||  8 |  7 ||
|  0 ||  7 |  7 ||
|  0 ||  6 |  7 ||
|  0 ||  5 |  7 ||
|  0 ||  4 |  7 ||
|  0 ||  3 |  7 ||
|  0 ||  2 |  7 ||
|  0 ||  1 |  7 ||
--------------
num_bproc_PEs: 2
len_bproc_sched: 32
--------------
| ID || c1 | d1 || c2 | d2 ||
|  8 ||  8 |  1 ||  8 |  2 ||
|  7 ||  7 |  1 ||  7 |  2 ||
|  6 ||  6 |  1 ||  6 |  2 ||
|  5 ||  5 |  1 ||  5 |  2 ||
|  4 ||  4 |  1 ||  4 |  2 ||
|  3 ||  3 |  1 ||  3 |  2 ||
|  2 ||  2 |  1 ||  2 |  2 ||
|  1 ||  1 |  1 ||  1 |  2 ||
|  0 ||  8 |  3 ||  8 |  4 ||
|  0 ||  7 |  3 ||  7 |  4 ||
|  0 ||  6 |  3 ||  6 |  4 ||
|  0 ||  5 |  3 ||  5 |  4 ||
|  0 ||  4 |  3 ||  4 |  4 ||
|  0 ||  3 |  3 ||  3 |  4 ||
|  0 ||  2 |  3 ||  2 |  4 ||
|  0 ||  1 |  3 ||  1 |  4 ||
|  0 ||  8 |  5 ||  8 |  6 ||
|  0 ||  7 |  5 ||  7 |  6 ||
|  0 ||  6 |  5 ||  6 |  6 ||
|  0 ||  5 |  5 ||  5 |  6 ||
|  0 ||  4 |  5 ||  4 |  6 ||
|  0 ||  3 |  5 ||  3 |  6 ||
|  0 ||  2 |  5 ||  2 |  6 ||
|  0 ||  1 |  5 ||  1 |  6 ||
|  0 ||  8 |  7 ||  0 |  6 ||
|  0 ||  7 |  7 ||  0 |  6 ||
|  0 ||  6 |  7 ||  0 |  6 ||
|  0 ||  5 |  7 ||  0 |  6 ||
|  0 ||  4 |  7 ||  0 |  6 ||
|  0 ||  3 |  7 ||  0 |  6 ||
|  0 ||  2 |  7 ||  0 |  6 ||
|  0 ||  1 |  7 ||  0 |  6 ||
--------------
num_bproc_PEs: 3
len_bproc_sched: 24
--------------
| ID || c1 | d1 || c2 | d2 || c3 | d3 ||
|  8 ||  8 |  1 ||  8 |  2 ||  8 |  3 ||
|  7 ||  7 |  1 ||  7 |  2 ||  7 |  3 ||
|  6 ||  6 |  1 ||  6 |  2 ||  6 |  3 ||
|  5 ||  5 |  1 ||  5 |  2 ||  5 |  3 ||
|  4 ||  4 |  1 ||  4 |  2 ||  4 |  3 ||
|  3 ||  3 |  1 ||  3 |  2 ||  3 |  3 ||
|  2 ||  2 |  1 ||  2 |  2 ||  2 |  3 ||
|  1 ||  1 |  1 ||  1 |  2 ||  1 |  3 ||
|  0 ||  8 |  4 ||  8 |  5 ||  8 |  6 ||
|  0 ||  7 |  4 ||  7 |  5 ||  7 |  6 ||
|  0 ||  6 |  4 ||  6 |  5 ||  6 |  6 ||
|  0 ||  5 |  4 ||  5 |  5 ||  5 |  6 ||
|  0 ||  4 |  4 ||  4 |  5 ||  4 |  6 ||
|  0 ||  3 |  4 ||  3 |  5 ||  3 |  6 ||
|  0 ||  2 |  4 ||  2 |  5 ||  2 |  6 ||
|  0 ||  1 |  4 ||  1 |  5 ||  1 |  6 ||
|  0 ||  8 |  7 ||  0 |  5 ||  0 |  6 ||
|  0 ||  7 |  7 ||  0 |  5 ||  0 |  6 ||
|  0 ||  6 |  7 ||  0 |  5 ||  0 |  6 ||
|  0 ||  5 |  7 ||  0 |  5 ||  0 |  6 ||
|  0 ||  4 |  7 ||  0 |  5 ||  0 |  6 ||
|  0 ||  3 |  7 ||  0 |  5 ||  0 |  6 ||
|  0 ||  2 |  7 ||  0 |  5 ||  0 |  6 ||
|  0 ||  1 |  7 ||  0 |  5 ||  0 |  6 ||
--------------
num_bproc_PEs: 4
len_bproc_sched: 16
--------------
| ID || c1 | d1 || c2 | d2 || c3 | d3 || c4 | d4 ||
|  8 ||  8 |  1 ||  8 |  2 ||  8 |  3 ||  8 |  4 ||
|  7 ||  7 |  1 ||  7 |  2 ||  7 |  3 ||  7 |  4 ||
|  6 ||  6 |  1 ||  6 |  2 ||  6 |  3 ||  6 |  4 ||
|  5 ||  5 |  1 ||  5 |  2 ||  5 |  3 ||  5 |  4 ||
|  4 ||  4 |  1 ||  4 |  2 ||  4 |  3 ||  4 |  4 ||
|  3 ||  3 |  1 ||  3 |  2 ||  3 |  3 ||  3 |  4 ||
|  2 ||  2 |  1 ||  2 |  2 ||  2 |  3 ||  2 |  4 ||
|  1 ||  1 |  1 ||  1 |  2 ||  1 |  3 ||  1 |  4 ||
|  0 ||  8 |  5 ||  8 |  6 ||  8 |  7 ||  0 |  4 ||
|  0 ||  7 |  5 ||  7 |  6 ||  7 |  7 ||  0 |  4 ||
|  0 ||  6 |  5 ||  6 |  6 ||  6 |  7 ||  0 |  4 ||
|  0 ||  5 |  5 ||  5 |  6 ||  5 |  7 ||  0 |  4 ||
|  0 ||  4 |  5 ||  4 |  6 ||  4 |  7 ||  0 |  4 ||
|  0 ||  3 |  5 ||  3 |  6 ||  3 |  7 ||  0 |  4 ||
|  0 ||  2 |  5 ||  2 |  6 ||  2 |  7 ||  0 |  4 ||
|  0 ||  1 |  5 ||  1 |  6 ||  1 |  7 ||  0 |  4 ||
--------------
num_bproc_PEs: 5
len_bproc_sched: 16
--------------
| ID || c1 | d1 || c2 | d2 || c3 | d3 || c4 | d4 || c5 | d5 ||
|  8 ||  8 |  1 ||  8 |  2 ||  8 |  3 ||  8 |  4 ||  8 |  5 ||
|  7 ||  7 |  1 ||  7 |  2 ||  7 |  3 ||  7 |  4 ||  7 |  5 ||
|  6 ||  6 |  1 ||  6 |  2 ||  6 |  3 ||  6 |  4 ||  6 |  5 ||
|  5 ||  5 |  1 ||  5 |  2 ||  5 |  3 ||  5 |  4 ||  5 |  5 ||
|  4 ||  4 |  1 ||  4 |  2 ||  4 |  3 ||  4 |  4 ||  4 |  5 ||
|  3 ||  3 |  1 ||  3 |  2 ||  3 |  3 ||  3 |  4 ||  3 |  5 ||
|  2 ||  2 |  1 ||  2 |  2 ||  2 |  3 ||  2 |  4 ||  2 |  5 ||
|  1 ||  1 |  1 ||  1 |  2 ||  1 |  3 ||  1 |  4 ||  1 |  5 ||
|  0 ||  8 |  6 ||  8 |  7 ||  0 |  3 ||  0 |  4 ||  0 |  5 ||
|  0 ||  7 |  6 ||  7 |  7 ||  0 |  3 ||  0 |  4 ||  0 |  5 ||
|  0 ||  6 |  6 ||  6 |  7 ||  0 |  3 ||  0 |  4 ||  0 |  5 ||
|  0 ||  5 |  6 ||  5 |  7 ||  0 |  3 ||  0 |  4 ||  0 |  5 ||
|  0 ||  4 |  6 ||  4 |  7 ||  0 |  3 ||  0 |  4 ||  0 |  5 ||
|  0 ||  3 |  6 ||  3 |  7 ||  0 |  3 ||  0 |  4 ||  0 |  5 ||
|  0 ||  2 |  6 ||  2 |  7 ||  0 |  3 ||  0 |  4 ||  0 |  5 ||
|  0 ||  1 |  6 ||  1 |  7 ||  0 |  3 ||  0 |  4 ||  0 |  5 ||
--------------
num_bproc_PEs: 6
len_bproc_sched: 16
--------------
| ID || c1 | d1 || c2 | d2 || c3 | d3 || c4 | d4 || c5 | d5 || c6 | d6 ||
|  8 ||  8 |  1 ||  8 |  2 ||  8 |  3 ||  8 |  4 ||  8 |  5 ||  8 |  6 ||
|  7 ||  7 |  1 ||  7 |  2 ||  7 |  3 ||  7 |  4 ||  7 |  5 ||  7 |  6 ||
|  6 ||  6 |  1 ||  6 |  2 ||  6 |  3 ||  6 |  4 ||  6 |  5 ||  6 |  6 ||
|  5 ||  5 |  1 ||  5 |  2 ||  5 |  3 ||  5 |  4 ||  5 |  5 ||  5 |  6 ||
|  4 ||  4 |  1 ||  4 |  2 ||  4 |  3 ||  4 |  4 ||  4 |  5 ||  4 |  6 ||
|  3 ||  3 |  1 ||  3 |  2 ||  3 |  3 ||  3 |  4 ||  3 |  5 ||  3 |  6 ||
|  2 ||  2 |  1 ||  2 |  2 ||  2 |  3 ||  2 |  4 ||  2 |  5 ||  2 |  6 ||
|  1 ||  1 |  1 ||  1 |  2 ||  1 |  3 ||  1 |  4 ||  1 |  5 ||  1 |  6 ||
|  0 ||  8 |  7 ||  0 |  2 ||  0 |  3 ||  0 |  4 ||  0 |  5 ||  0 |  6 ||
|  0 ||  7 |  7 ||  0 |  2 ||  0 |  3 ||  0 |  4 ||  0 |  5 ||  0 |  6 ||
|  0 ||  6 |  7 ||  0 |  2 ||  0 |  3 ||  0 |  4 ||  0 |  5 ||  0 |  6 ||
|  0 ||  5 |  7 ||  0 |  2 ||  0 |  3 ||  0 |  4 ||  0 |  5 ||  0 |  6 ||
|  0 ||  4 |  7 ||  0 |  2 ||  0 |  3 ||  0 |  4 ||  0 |  5 ||  0 |  6 ||
|  0 ||  3 |  7 ||  0 |  2 ||  0 |  3 ||  0 |  4 ||  0 |  5 ||  0 |  6 ||
|  0 ||  2 |  7 ||  0 |  2 ||  0 |  3 ||  0 |  4 ||  0 |  5 ||  0 |  6 ||
|  0 ||  1 |  7 ||  0 |  2 ||  0 |  3 ||  0 |  4 ||  0 |  5 ||  0 |  6 ||
--------------
num_bproc_PEs: 7
len_bproc_sched: 8
--------------
| ID || c1 | d1 || c2 | d2 || c3 | d3 || c4 | d4 || c5 | d5 || c6 | d6 || c7 | d7 ||
|  8 ||  8 |  1 ||  8 |  2 ||  8 |  3 ||  8 |  4 ||  8 |  5 ||  8 |  6 ||  8 |  7 ||
|  7 ||  7 |  1 ||  7 |  2 ||  7 |  3 ||  7 |  4 ||  7 |  5 ||  7 |  6 ||  7 |  7 ||
|  6 ||  6 |  1 ||  6 |  2 ||  6 |  3 ||  6 |  4 ||  6 |  5 ||  6 |  6 ||  6 |  7 ||
|  5 ||  5 |  1 ||  5 |  2 ||  5 |  3 ||  5 |  4 ||  5 |  5 ||  5 |  6 ||  5 |  7 ||
|  4 ||  4 |  1 ||  4 |  2 ||  4 |  3 ||  4 |  4 ||  4 |  5 ||  4 |  6 ||  4 |  7 ||
|  3 ||  3 |  1 ||  3 |  2 ||  3 |  3 ||  3 |  4 ||  3 |  5 ||  3 |  6 ||  3 |  7 ||
|  2 ||  2 |  1 ||  2 |  2 ||  2 |  3 ||  2 |  4 ||  2 |  5 ||  2 |  6 ||  2 |  7 ||
|  1 ||  1 |  1 ||  1 |  2 ||  1 |  3 ||  1 |  4 ||  1 |  5 ||  1 |  6 ||  1 |  7 ||
--------------
num_bproc_PEs: 8
len_bproc_sched: 8
--------------
| ID || c1 | d1 || c2 | d2 || c3 | d3 || c4 | d4 || c5 | d5 || c6 | d6 || c7 | d7 || c8 | d8 ||
|  8 ||  8 |  1 ||  8 |  2 ||  8 |  3 ||  8 |  4 ||  8 |  5 ||  8 |  6 ||  8 |  7 ||  0 |  1 ||
|  7 ||  7 |  1 ||  7 |  2 ||  7 |  3 ||  7 |  4 ||  7 |  5 ||  7 |  6 ||  7 |  7 ||  0 |  1 ||
|  6 ||  6 |  1 ||  6 |  2 ||  6 |  3 ||  6 |  4 ||  6 |  5 ||  6 |  6 ||  6 |  7 ||  0 |  1 ||
|  5 ||  5 |  1 ||  5 |  2 ||  5 |  3 ||  5 |  4 ||  5 |  5 ||  5 |  6 ||  5 |  7 ||  0 |  1 ||
|  4 ||  4 |  1 ||  4 |  2 ||  4 |  3 ||  4 |  4 ||  4 |  5 ||  4 |  6 ||  4 |  7 ||  0 |  1 ||
|  3 ||  3 |  1 ||  3 |  2 ||  3 |  3 ||  3 |  4 ||  3 |  5 ||  3 |  6 ||  3 |  7 ||  0 |  1 ||
|  2 ||  2 |  1 ||  2 |  2 ||  2 |  3 ||  2 |  4 ||  2 |  5 ||  2 |  6 ||  2 |  7 ||  0 |  1 ||
|  1 ||  1 |  1 ||  1 |  2 ||  1 |  3 ||  1 |  4 ||  1 |  5 ||  1 |  6 ||  1 |  7 ||  0 |  1 ||
--------------
num_bproc_PEs: 9
len_bproc_sched: 8
--------------
| ID || c1 | d1 || c2 | d2 || c3 | d3 || c4 | d4 || c5 | d5 || c6 | d6 || c7 | d7 || c8 | d8 || c9 | d9 ||
|  8 ||  8 |  1 ||  8 |  2 ||  8 |  3 ||  8 |  4 ||  8 |  5 ||  8 |  6 ||  8 |  7 ||  0 |  1 ||  0 |  1 ||
|  7 ||  7 |  1 ||  7 |  2 ||  7 |  3 ||  7 |  4 ||  7 |  5 ||  7 |  6 ||  7 |  7 ||  0 |  1 ||  0 |  1 ||
|  6 ||  6 |  1 ||  6 |  2 ||  6 |  3 ||  6 |  4 ||  6 |  5 ||  6 |  6 ||  6 |  7 ||  0 |  1 ||  0 |  1 ||
|  5 ||  5 |  1 ||  5 |  2 ||  5 |  3 ||  5 |  4 ||  5 |  5 ||  5 |  6 ||  5 |  7 ||  0 |  1 ||  0 |  1 ||
|  4 ||  4 |  1 ||  4 |  2 ||  4 |  3 ||  4 |  4 ||  4 |  5 ||  4 |  6 ||  4 |  7 ||  0 |  1 ||  0 |  1 ||
|  3 ||  3 |  1 ||  3 |  2 ||  3 |  3 ||  3 |  4 ||  3 |  5 ||  3 |  6 ||  3 |  7 ||  0 |  1 ||  0 |  1 ||
|  2 ||  2 |  1 ||  2 |  2 ||  2 |  3 ||  2 |  4 ||  2 |  5 ||  2 |  6 ||  2 |  7 ||  0 |  1 ||  0 |  1 ||
|  1 ||  1 |  1 ||  1 |  2 ||  1 |  3 ||  1 |  4 ||  1 |  5 ||  1 |  6 ||  1 |  7 ||  0 |  1 ||  0 |  1 ||
--------------
num_bproc_PEs: 10
len_bproc_sched: 8
--------------
| ID || c1 | d1 || c2 | d2 || c3 | d3 || c4 | d4 || c5 | d5 || c6 | d6 || c7 | d7 || c8 | d8 || c9 | d9 || c10 | d10 ||
|  8 ||  8 |  1 ||  8 |  2 ||  8 |  3 ||  8 |  4 ||  8 |  5 ||  8 |  6 ||  8 |  7 ||  0 |  1 ||  0 |  1 ||  0 |  1 ||
|  7 ||  7 |  1 ||  7 |  2 ||  7 |  3 ||  7 |  4 ||  7 |  5 ||  7 |  6 ||  7 |  7 ||  0 |  1 ||  0 |  1 ||  0 |  1 ||
|  6 ||  6 |  1 ||  6 |  2 ||  6 |  3 ||  6 |  4 ||  6 |  5 ||  6 |  6 ||  6 |  7 ||  0 |  1 ||  0 |  1 ||  0 |  1 ||
|  5 ||  5 |  1 ||  5 |  2 ||  5 |  3 ||  5 |  4 ||  5 |  5 ||  5 |  6 ||  5 |  7 ||  0 |  1 ||  0 |  1 ||  0 |  1 ||
|  4 ||  4 |  1 ||  4 |  2 ||  4 |  3 ||  4 |  4 ||  4 |  5 ||  4 |  6 ||  4 |  7 ||  0 |  1 ||  0 |  1 ||  0 |  1 ||
|  3 ||  3 |  1 ||  3 |  2 ||  3 |  3 ||  3 |  4 ||  3 |  5 ||  3 |  6 ||  3 |  7 ||  0 |  1 ||  0 |  1 ||  0 |  1 ||
|  2 ||  2 |  1 ||  2 |  2 ||  2 |  3 ||  2 |  4 ||  2 |  5 ||  2 |  6 ||  2 |  7 ||  0 |  1 ||  0 |  1 ||  0 |  1 ||
|  1 ||  1 |  1 ||  1 |  2 ||  1 |  3 ||  1 |  4 ||  1 |  5 ||  1 |  6 ||  1 |  7 ||  0 |  1 ||  0 |  1 ||  0 |  1 ||
--------------
[[   1.364     0.3431    1.5369    1.1496   -3.7485   -0.0177    1.0903]
 [   0.3431    1.0753   -0.7643    2.3687    0.1316    1.4132    0.4604]
 [   1.5369   -0.7643   31.446    -0.5811  -30.2434    3.4653   -2.9738]
 [   1.1496    2.3687   -0.5811    7.3563   -0.0336    7.4028    0.1203]
 [  -3.7485    0.1316  -30.2434   -0.0336  137.8837    0.0134 -101.3063]
 [  -0.0177    1.4132    3.4653    7.4028    0.0134  126.4946   -2.8838]
 [   1.0903    0.4604   -2.9738    0.1203 -101.3063   -2.8838 1100.7496]]
len_matmul_sched, block_size: 49, 1
[[   2.3513    0.0585    0.6664    2.1454   -3.1872    1.3932    0.5649]
 [   0.0585    0.8803   -2.0174    1.1685    1.9588    0.2872    0.0765]
 [   0.6664   -2.0174   10.0663   -1.7607   -8.0538    3.6829   -1.9606]
 [   2.1454    1.1685   -1.7607    5.3838    1.1554    6.0206   -0.9995]
 [  -3.1872    1.9588   -8.0538    1.1554  118.1349    0.2426 -107.367 ]
 [   1.3932    0.2872    3.6829    6.0206    0.2426  127.0462   -4.3589]
 [   0.5649    0.0765   -1.9606   -0.9995 -107.367    -4.3589 1108.3082]]
len_matmul_sched, block_size: 19, 2
----------
lh_tile_sched:
| PE1 | PE2 | PE3 | PE4 | PE5 | PE6 | PE7 |
|   0 |   0 |   4 |   4 |   8 |   8 |  12 |
|  12 |   1 |   1 |   5 |   5 |   9 |   9 |
|  13 |  13 |   2 |   2 |   6 |   6 |  10 |
|  10 |  14 |  14 |   3 |   3 |   7 |   7 |
|  11 |  11 |  15 |  15 |   0 |   0 |   4 |
|   4 |   8 |   8 |  12 |  12 |   1 |   1 |
|   5 |   5 |   9 |   9 |  13 |  13 |   2 |
|   2 |   6 |   6 |  10 |  10 |  14 |  14 |
|   3 |   3 |   7 |   7 |  11 |  11 |  15 |
|  15 |   0 |   0 |   4 |   4 |   8 |   8 |
|  12 |  12 |   1 |   1 |   5 |   5 |   9 |
|   9 |  13 |  13 |   2 |   2 |   6 |   6 |
|  10 |  10 |  14 |  14 |   3 |   3 |   7 |
|   7 |  11 |  11 |  15 |  15 |   0 |   0 |
|   4 |   4 |   8 |   8 |  12 |  12 |   1 |
|   1 |   5 |   5 |   9 |   9 |  13 |  13 |
|   2 |   2 |   6 |   6 |  10 |  10 |  14 |
|  14 |   3 |   3 |   7 |   7 |  11 |  11 |
|  15 |  15 |   5 |   5 |   5 |   5 |   5 |
---------
----------
rh_tile_sched:
| PE1 | PE2 | PE3 | PE4 | PE5 | PE6 | PE7 |
|   0 |   0 |   0 |   0 |   0 |   0 |   0 |
|   0 |   4 |   4 |   4 |   4 |   4 |   4 |
|   4 |   4 |   8 |   8 |   8 |   8 |   8 |
|   8 |   8 |   8 |  12 |  12 |  12 |  12 |
|  12 |  12 |  12 |  12 |   1 |   1 |   1 |
|   1 |   1 |   1 |   1 |   1 |   5 |   5 |
|   5 |   5 |   5 |   5 |   5 |   5 |   9 |
|   9 |   9 |   9 |   9 |   9 |   9 |   9 |
|  13 |  13 |  13 |  13 |  13 |  13 |  13 |
|  13 |   2 |   2 |   2 |   2 |   2 |   2 |
|   2 |   2 |   6 |   6 |   6 |   6 |   6 |
|   6 |   6 |   6 |  10 |  10 |  10 |  10 |
|  10 |  10 |  10 |  10 |  14 |  14 |  14 |
|  14 |  14 |  14 |  14 |  14 |   3 |   3 |
|   3 |   3 |   3 |   3 |   3 |   3 |   7 |
|   7 |   7 |   7 |   7 |   7 |   7 |   7 |
|  11 |  11 |  11 |  11 |  11 |  11 |  11 |
|  11 |  15 |  15 |  15 |  15 |  15 |  15 |
|  15 |  15 |   5 |   5 |   5 |   5 |   5 |
---------
----------
output_tile_incr_sched:
| PE1 | PE2 | PE3 | PE4 | PE5 | PE6 | PE7 |
|   0 |   0 |   4 |   4 |   8 |   8 |  12 |
|  12 |   0 |   0 |   4 |   4 |   8 |   8 |
|  12 |  12 |   0 |   0 |   4 |   4 |   8 |
|   8 |  12 |  12 |   0 |   0 |   4 |   4 |
|   8 |   8 |  12 |  12 |   1 |   1 |   5 |
|   5 |   9 |   9 |  13 |  13 |   1 |   1 |
|   5 |   5 |   9 |   9 |  13 |  13 |   1 |
|   1 |   5 |   5 |   9 |   9 |  13 |  13 |
|   1 |   1 |   5 |   5 |   9 |   9 |  13 |
|  13 |   2 |   2 |   6 |   6 |  10 |  10 |
|  14 |  14 |   2 |   2 |   6 |   6 |  10 |
|  10 |  14 |  14 |   2 |   2 |   6 |   6 |
|  10 |  10 |  14 |  14 |   2 |   2 |   6 |
|   6 |  10 |  10 |  14 |  14 |   3 |   3 |
|   7 |   7 |  11 |  11 |  15 |  15 |   3 |
|   3 |   7 |   7 |  11 |  11 |  15 |  15 |
|   3 |   3 |   7 |   7 |  11 |  11 |  15 |
|  15 |   3 |   3 |   7 |   7 |  11 |  11 |
|  15 |  15 |   5 |   5 |   5 |   5 |   5 |
---------
----------
rh_tile_col_sched:
| PE1 | PE2 | PE3 | PE4 | PE5 | PE6 | PE7 |
|   0 |   1 |   0 |   1 |   0 |   1 |   0 |
|   1 |   0 |   1 |   0 |   1 |   0 |   1 |
|   0 |   1 |   0 |   1 |   0 |   1 |   0 |
|   1 |   0 |   1 |   0 |   1 |   0 |   1 |
|   0 |   1 |   0 |   1 |   0 |   1 |   0 |
|   1 |   0 |   1 |   0 |   1 |   0 |   1 |
|   0 |   1 |   0 |   1 |   0 |   1 |   0 |
|   1 |   0 |   1 |   0 |   1 |   0 |   1 |
|   0 |   1 |   0 |   1 |   0 |   1 |   0 |
|   1 |   0 |   1 |   0 |   1 |   0 |   1 |
|   0 |   1 |   0 |   1 |   0 |   1 |   0 |
|   1 |   0 |   1 |   0 |   1 |   0 |   1 |
|   0 |   1 |   0 |   1 |   0 |   1 |   0 |
|   1 |   0 |   1 |   0 |   1 |   0 |   1 |
|   0 |   1 |   0 |   1 |   0 |   1 |   0 |
|   1 |   0 |   1 |   0 |   1 |   0 |   1 |
|   0 |   1 |   0 |   1 |   0 |   1 |   0 |
|   1 |   0 |   1 |   0 |   1 |   0 |   1 |
|   0 |   1 |   2 |   2 |   2 |   2 |   2 |
---------
[[   9.7304    0.1965   -3.5963    2.2552   -6.9916    1.199     0.2865]
 [   0.1965    0.9208   -1.4086    1.6945    0.976    -0.0199    0.7854]
 [  -3.5963   -1.4086    9.5103   -3.0883   -0.4503    3.7855   -5.5142]
 [   2.2552    1.6945   -3.0883    5.4285    0.1633    3.0587    2.4796]
 [  -6.9916    0.976    -0.4503    0.1633   84.9294   -2.1265  -46.0219]
 [   1.199    -0.0199    3.7855    3.0587   -2.1265  121.0121   -1.2711]
 [   0.2865    0.7854   -5.5142    2.4796  -46.0219   -1.2711 1033.2327]]
len_matmul_sched, block_size: 12, 3
----------
lh_tile_sched:
| PE1 | PE2 | PE3 | PE4 | PE5 | PE6 | PE7 |
|   0 |   0 |   0 |   3 |   3 |   3 |   6 |
|   6 |   6 |   1 |   1 |   1 |   4 |   4 |
|   4 |   7 |   7 |   7 |   2 |   2 |   2 |
|   5 |   5 |   5 |   8 |   8 |   8 |   0 |
|   0 |   0 |   3 |   3 |   3 |   6 |   6 |
|   6 |   1 |   1 |   1 |   4 |   4 |   4 |
|   7 |   7 |   7 |   2 |   2 |   2 |   5 |
|   5 |   5 |   8 |   8 |   8 |   0 |   0 |
|   0 |   3 |   3 |   3 |   6 |   6 |   6 |
|   1 |   1 |   1 |   4 |   4 |   4 |   7 |
|   7 |   7 |   2 |   2 |   2 |   5 |   5 |
|   5 |   8 |   8 |   8 |   4 |   4 |   4 |
---------
----------
rh_tile_sched:
| PE1 | PE2 | PE3 | PE4 | PE5 | PE6 | PE7 |
|   0 |   0 |   0 |   0 |   0 |   0 |   0 |
|   0 |   0 |   3 |   3 |   3 |   3 |   3 |
|   3 |   3 |   3 |   3 |   6 |   6 |   6 |
|   6 |   6 |   6 |   6 |   6 |   6 |   1 |
|   1 |   1 |   1 |   1 |   1 |   1 |   1 |
|   1 |   4 |   4 |   4 |   4 |   4 |   4 |
|   4 |   4 |   4 |   7 |   7 |   7 |   7 |
|   7 |   7 |   7 |   7 |   7 |   2 |   2 |
|   2 |   2 |   2 |   2 |   2 |   2 |   2 |
|   5 |   5 |   5 |   5 |   5 |   5 |   5 |
|   5 |   5 |   8 |   8 |   8 |   8 |   8 |
|   8 |   8 |   8 |   8 |   4 |   4 |   4 |
---------
----------
output_tile_incr_sched:
| PE1 | PE2 | PE3 | PE4 | PE5 | PE6 | PE7 |
|   0 |   0 |   0 |   3 |   3 |   3 |   6 |
|   6 |   6 |   0 |   0 |   0 |   3 |   3 |
|   3 |   6 |   6 |   6 |   0 |   0 |   0 |
|   3 |   3 |   3 |   6 |   6 |   6 |   1 |
|   1 |   1 |   4 |   4 |   4 |   7 |   7 |
|   7 |   1 |   1 |   1 |   4 |   4 |   4 |
|   7 |   7 |   7 |   1 |   1 |   1 |   4 |
|   4 |   4 |   7 |   7 |   7 |   2 |   2 |
|   2 |   5 |   5 |   5 |   8 |   8 |   8 |
|   2 |   2 |   2 |   5 |   5 |   5 |   8 |
|   8 |   8 |   2 |   2 |   2 |   5 |   5 |
|   5 |   8 |   8 |   8 |   4 |   4 |   4 |
---------
----------
rh_tile_col_sched:
| PE1 | PE2 | PE3 | PE4 | PE5 | PE6 | PE7 |
|   0 |   1 |   2 |   0 |   1 |   2 |   0 |
|   1 |   2 |   0 |   1 |   2 |   0 |   1 |
|   2 |   0 |   1 |   2 |   0 |   1 |   2 |
|   0 |   1 |   2 |   0 |   1 |   2 |   0 |
|   1 |   2 |   0 |   1 |   2 |   0 |   1 |
|   2 |   0 |   1 |   2 |   0 |   1 |   2 |
|   0 |   1 |   2 |   0 |   1 |   2 |   0 |
|   1 |   2 |   0 |   1 |   2 |   0 |   1 |
|   2 |   0 |   1 |   2 |   0 |   1 |   2 |
|   0 |   1 |   2 |   0 |   1 |   2 |   0 |
|   1 |   2 |   0 |   1 |   2 |   0 |   1 |
|   2 |   0 |   1 |   2 |   3 |   3 |   3 |
---------
[[   1.8423   -0.0241    1.7958    0.7262   -3.1037    0.2175   -0.9404]
 [  -0.0241    0.8627   -0.7906    1.5434    0.5239    0.1456    0.4403]
 [   1.7958   -0.7906    6.6322   -0.5791   -3.8505    0.522    -5.1492]
 [   0.7262    1.5434   -0.5791    5.0904    0.9436    4.1033   -0.3929]
 [  -3.1037    0.5239   -3.8505    0.9436   84.4538    2.1121  -45.5354]
 [   0.2175    0.1456    0.522     4.1033    2.1121  121.2159   -1.7614]
 [  -0.9404    0.4403   -5.1492   -0.3929  -45.5354   -1.7614 1033.0869]]
len_matmul_sched, block_size: 5, 4
----------
lh_tile_sched:
| PE1 | PE2 | PE3 | PE4 | PE5 | PE6 | PE7 |
|   0 |   0 |   0 |   0 |   2 |   2 |   2 |
|   2 |   1 |   1 |   1 |   1 |   3 |   3 |
|   3 |   3 |   0 |   0 |   0 |   0 |   2 |
|   2 |   2 |   2 |   1 |   1 |   1 |   1 |
|   3 |   3 |   3 |   3 |   3 |   3 |   3 |
---------
----------
rh_tile_sched:
| PE1 | PE2 | PE3 | PE4 | PE5 | PE6 | PE7 |
|   0 |   0 |   0 |   0 |   0 |   0 |   0 |
|   0 |   2 |   2 |   2 |   2 |   2 |   2 |
|   2 |   2 |   1 |   1 |   1 |   1 |   1 |
|   1 |   1 |   1 |   3 |   3 |   3 |   3 |
|   3 |   3 |   3 |   3 |   3 |   3 |   3 |
---------
----------
output_tile_incr_sched:
| PE1 | PE2 | PE3 | PE4 | PE5 | PE6 | PE7 |
|   0 |   0 |   0 |   0 |   2 |   2 |   2 |
|   2 |   0 |   0 |   0 |   0 |   2 |   2 |
|   2 |   2 |   1 |   1 |   1 |   1 |   3 |
|   3 |   3 |   3 |   1 |   1 |   1 |   1 |
|   3 |   3 |   3 |   3 |   3 |   3 |   3 |
---------
----------
rh_tile_col_sched:
| PE1 | PE2 | PE3 | PE4 | PE5 | PE6 | PE7 |
|   0 |   1 |   2 |   3 |   0 |   1 |   2 |
|   3 |   0 |   1 |   2 |   3 |   0 |   1 |
|   2 |   3 |   0 |   1 |   2 |   3 |   0 |
|   1 |   2 |   3 |   0 |   1 |   2 |   3 |
|   0 |   1 |   2 |   3 |   4 |   4 |   4 |
---------
[[   2.5689   -0.0988    0.7554    0.4322   -2.553     0.2072   -1.4258]
 [  -0.0988    0.7412   -0.3818    1.1569    0.2281   -0.317     0.3868]
 [   0.7554   -0.3818    2.9986   -0.3678    0.1434    0.8494   -3.6807]
 [   0.4322    1.1569   -0.3678    3.9349    0.8861    3.0702   -0.1543]
 [  -2.553     0.2281    0.1434    0.8861   79.2474    1.8869  -40.9757]
 [   0.2072   -0.317     0.8494    3.0702    1.8869  120.6309   -1.6579]
 [  -1.4258    0.3868   -3.6807   -0.1543  -40.9757   -1.6579 1027.0165]]
len_matmul_sched, block_size: 6, 5
----------
lh_tile_sched:
| PE1 | PE2 | PE3 | PE4 | PE5 | PE6 | PE7 |
|   0 |   0 |   0 |   0 |   0 |   2 |   2 |
|   2 |   2 |   2 |   1 |   1 |   1 |   1 |
|   1 |   3 |   3 |   3 |   3 |   3 |   0 |
|   0 |   0 |   0 |   0 |   2 |   2 |   2 |
|   2 |   2 |   1 |   1 |   1 |   1 |   1 |
|   3 |   3 |   3 |   3 |   3 |   3 |   3 |
---------
----------
rh_tile_sched:
| PE1 | PE2 | PE3 | PE4 | PE5 | PE6 | PE7 |
|   0 |   0 |   0 |   0 |   0 |   0 |   0 |
|   0 |   0 |   0 |   2 |   2 |   2 |   2 |
|   2 |   2 |   2 |   2 |   2 |   2 |   1 |
|   1 |   1 |   1 |   1 |   1 |   1 |   1 |
|   1 |   1 |   3 |   3 |   3 |   3 |   3 |
|   3 |   3 |   3 |   3 |   3 |   3 |   3 |
---------
----------
output_tile_incr_sched:
| PE1 | PE2 | PE3 | PE4 | PE5 | PE6 | PE7 |
|   0 |   0 |   0 |   0 |   0 |   2 |   2 |
|   2 |   2 |   2 |   0 |   0 |   0 |   0 |
|   0 |   2 |   2 |   2 |   2 |   2 |   1 |
|   1 |   1 |   1 |   1 |   3 |   3 |   3 |
|   3 |   3 |   1 |   1 |   1 |   1 |   1 |
|   3 |   3 |   3 |   3 |   3 |   3 |   3 |
---------
----------
rh_tile_col_sched:
| PE1 | PE2 | PE3 | PE4 | PE5 | PE6 | PE7 |
|   0 |   1 |   2 |   3 |   4 |   0 |   1 |
|   2 |   3 |   4 |   0 |   1 |   2 |   3 |
|   4 |   0 |   1 |   2 |   3 |   4 |   0 |
|   1 |   2 |   3 |   4 |   0 |   1 |   2 |
|   3 |   4 |   0 |   1 |   2 |   3 |   4 |
|   0 |   1 |   2 |   3 |   4 |   5 |   5 |
---------
[[   9.8166    1.2876   -9.6469    4.4643   -1.4755    2.6632    1.6109]
 [   1.2876    0.7704   -1.3314    1.6935   -0.0472    1.1495    0.0697]
 [  -9.6469   -1.3314   48.3253   -4.0151  -36.8975   -1.5052   -2.082 ]
 [   4.4643    1.6935   -4.0151    6.1371    0.992     7.6328   -1.3449]
 [  -1.4755   -0.0472  -36.8975    0.992   143.9245    3.1192 -103.0851]
 [   2.6632    1.1495   -1.5052    7.6328    3.1192  127.779    -4.1069]
 [   1.6109    0.0697   -2.082    -1.3449 -103.0851   -4.1069 1101.1617]]
len_matmul_sched, block_size: 7, 6
----------
lh_tile_sched:
| PE1 | PE2 | PE3 | PE4 | PE5 | PE6 | PE7 |
|   0 |   0 |   0 |   0 |   0 |   0 |   2 |
|   2 |   2 |   2 |   2 |   2 |   1 |   1 |
|   1 |   1 |   1 |   1 |   3 |   3 |   3 |
|   3 |   3 |   3 |   0 |   0 |   0 |   0 |
|   0 |   0 |   2 |   2 |   2 |   2 |   2 |
|   2 |   1 |   1 |   1 |   1 |   1 |   1 |
|   3 |   3 |   3 |   3 |   3 |   3 |   3 |
---------
----------
rh_tile_sched:
| PE1 | PE2 | PE3 | PE4 | PE5 | PE6 | PE7 |
|   0 |   0 |   0 |   0 |   0 |   0 |   0 |
|   0 |   0 |   0 |   0 |   0 |   2 |   2 |
|   2 |   2 |   2 |   2 |   2 |   2 |   2 |
|   2 |   2 |   2 |   1 |   1 |   1 |   1 |
|   1 |   1 |   1 |   1 |   1 |   1 |   1 |
|   1 |   3 |   3 |   3 |   3 |   3 |   3 |
|   3 |   3 |   3 |   3 |   3 |   3 |   3 |
---------
----------
output_tile_incr_sched:
| PE1 | PE2 | PE3 | PE4 | PE5 | PE6 | PE7 |
|   0 |   0 |   0 |   0 |   0 |   0 |   2 |
|   2 |   2 |   2 |   2 |   2 |   0 |   0 |
|   0 |   0 |   0 |   0 |   2 |   2 |   2 |
|   2 |   2 |   2 |   1 |   1 |   1 |   1 |
|   1 |   1 |   3 |   3 |   3 |   3 |   3 |
|   3 |   1 |   1 |   1 |   1 |   1 |   1 |
|   3 |   3 |   3 |   3 |   3 |   3 |   3 |
---------
----------
rh_tile_col_sched:
| PE1 | PE2 | PE3 | PE4 | PE5 | PE6 | PE7 |
|   0 |   1 |   2 |   3 |   4 |   5 |   0 |
|   1 |   2 |   3 |   4 |   5 |   0 |   1 |
|   2 |   3 |   4 |   5 |   0 |   1 |   2 |
|   3 |   4 |   5 |   0 |   1 |   2 |   3 |
|   4 |   5 |   0 |   1 |   2 |   3 |   4 |
|   5 |   0 |   1 |   2 |   3 |   4 |   5 |
|   0 |   1 |   2 |   3 |   4 |   5 |   6 |
---------
[[   7.6049   -0.0063   -2.3724    1.8265   -5.1218    0.6661   -1.1538]
 [  -0.0063    0.8691   -1.0831    1.4629    0.802     0.0385    0.6029]
 [  -2.3724   -1.0831    6.2726   -2.2889    0.4779    1.0046   -4.3328]
 [   1.8265    1.4629   -2.2889    4.9001    1.071     3.8951    0.3846]
 [  -5.1218    0.802     0.4779    1.071    82.7284    1.3057  -45.9683]
 [   0.6661    0.0385    1.0046    3.8951    1.3057  121.225    -1.7207]
 [  -1.1538    0.6029   -4.3328    0.3846  -45.9683   -1.7207 1032.9884]]
len_matmul_sched, block_size: 1, 7
----------
lh_tile_sched:
| PE1 | PE2 | PE3 | PE4 | PE5 | PE6 | PE7 |
|   0 |   0 |   0 |   0 |   0 |   0 |   0 |
---------
----------
rh_tile_sched:
| PE1 | PE2 | PE3 | PE4 | PE5 | PE6 | PE7 |
|   0 |   0 |   0 |   0 |   0 |   0 |   0 |
---------
----------
output_tile_incr_sched:
| PE1 | PE2 | PE3 | PE4 | PE5 | PE6 | PE7 |
|   0 |   0 |   0 |   0 |   0 |   0 |   0 |
---------
----------
rh_tile_col_sched:
| PE1 | PE2 | PE3 | PE4 | PE5 | PE6 | PE7 |
|   0 |   1 |   2 |   3 |   4 |   5 |   6 |
---------
[[   1.7355    0.0262    2.8943    0.1287   -5.4561   -0.4572    0.988 ]
 [   0.0262    1.0688   -0.0437    2.2704   -0.321     0.7278    0.476 ]
 [   2.8943   -0.0437   20.6199    0.439   -20.0408    8.4612   -2.85  ]
 [   0.1287    2.2704    0.439     6.7284   -0.5721    4.3611    0.5318]
 [  -5.4561   -0.321   -20.0408   -0.5721  130.8163   -4.3125 -105.0418]
 [  -0.4572    0.7278    8.4612    4.3611   -4.3125  123.7848   -3.1259]
 [   0.988     0.476    -2.85      0.5318 -105.0418   -3.1259 1105.9168]]
len_matmul_sched, block_size: 2, 8
----------
lh_tile_sched:
| PE1 | PE2 | PE3 | PE4 | PE5 | PE6 | PE7 |
|   0 |   0 |   0 |   0 |   0 |   0 |   0 |
|   0 |   2 |   2 |   2 |   2 |   2 |   2 |
---------
----------
rh_tile_sched:
| PE1 | PE2 | PE3 | PE4 | PE5 | PE6 | PE7 |
|   0 |   0 |   0 |   0 |   0 |   0 |   0 |
|   0 |   2 |   2 |   2 |   2 |   2 |   2 |
---------
----------
output_tile_incr_sched:
| PE1 | PE2 | PE3 | PE4 | PE5 | PE6 | PE7 |
|   0 |   0 |   0 |   0 |   0 |   0 |   0 |
|   0 |   2 |   2 |   2 |   2 |   2 |   2 |
---------
----------
rh_tile_col_sched:
| PE1 | PE2 | PE3 | PE4 | PE5 | PE6 | PE7 |
|   0 |   1 |   2 |   3 |   4 |   5 |   6 |
|   7 |   8 |   8 |   8 |   8 |   8 |   8 |
---------
[[   1.5988    0.5026    1.2084    1.8954   -3.8661    0.5052    1.219 ]
 [   0.5026    0.9671   -1.3006    2.1536    0.7919    1.0552    0.4586]
 [   1.2084   -1.3006   31.1999   -1.3762  -28.6546    2.4429   -4.8153]
 [   1.8954    2.1536   -1.3762    7.2129   -0.7267    5.5018    2.0557]
 [  -3.8661    0.7919  -28.6546   -0.7267  107.4474   -1.6196  -39.1877]
 [   0.5052    1.0552    2.4429    5.5018   -1.6196  120.8195    0.5315]
 [   1.219     0.4586   -4.8153    2.0557  -39.1877    0.5315 1024.4719]]
len_matmul_sched, block_size: 2, 9
----------
lh_tile_sched:
| PE1 | PE2 | PE3 | PE4 | PE5 | PE6 | PE7 |
|   0 |   0 |   0 |   0 |   0 |   0 |   0 |
|   0 |   0 |   2 |   2 |   2 |   2 |   2 |
---------
----------
rh_tile_sched:
| PE1 | PE2 | PE3 | PE4 | PE5 | PE6 | PE7 |
|   0 |   0 |   0 |   0 |   0 |   0 |   0 |
|   0 |   0 |   2 |   2 |   2 |   2 |   2 |
---------
----------
output_tile_incr_sched:
| PE1 | PE2 | PE3 | PE4 | PE5 | PE6 | PE7 |
|   0 |   0 |   0 |   0 |   0 |   0 |   0 |
|   0 |   0 |   2 |   2 |   2 |   2 |   2 |
---------
----------
rh_tile_col_sched:
| PE1 | PE2 | PE3 | PE4 | PE5 | PE6 | PE7 |
|   0 |   1 |   2 |   3 |   4 |   5 |   6 |
|   7 |   8 |   9 |   9 |   9 |   9 |   9 |
---------
[[   1.4024   -0.0436    1.7368    0.4668   -2.7935    0.7785   -0.217 ]
 [  -0.0436    0.8133   -0.5527    1.4125    0.298    -0.0482    0.5398]
 [   1.7368   -0.5527    5.9551   -0.1543   -3.0565    4.586    -4.1266]
 [   0.4668    1.4125   -0.1543    4.6173   -0.2242    3.8132    1.0762]
 [  -2.7935    0.298    -3.0565   -0.2242   97.5599   -0.4501  -77.6824]
 [   0.7785   -0.0482    4.586     3.8132   -0.4501  124.3978   -3.1487]
 [  -0.217     0.5398   -4.1266    1.0762  -77.6824   -3.1487 1069.8948]]
len_matmul_sched, block_size: 2, 10
----------
lh_tile_sched:
| PE1 | PE2 | PE3 | PE4 | PE5 | PE6 | PE7 |
|   0 |   0 |   0 |   0 |   0 |   0 |   0 |
|   0 |   0 |   0 |   2 |   2 |   2 |   2 |
---------
----------
rh_tile_sched:
| PE1 | PE2 | PE3 | PE4 | PE5 | PE6 | PE7 |
|   0 |   0 |   0 |   0 |   0 |   0 |   0 |
|   0 |   0 |   0 |   2 |   2 |   2 |   2 |
---------
----------
output_tile_incr_sched:
| PE1 | PE2 | PE3 | PE4 | PE5 | PE6 | PE7 |
|   0 |   0 |   0 |   0 |   0 |   0 |   0 |
|   0 |   0 |   0 |   2 |   2 |   2 |   2 |
---------
----------
rh_tile_col_sched:
| PE1 | PE2 | PE3 | PE4 | PE5 | PE6 | PE7 |
|   0 |   1 |   2 |   3 |   4 |   5 |   6 |
|   7 |   8 |   9 |  10 |  10 |  10 |  10 |
---------
----------
------------------------------------------
Assumed Input Joint Configuration Ordering
------------------------------------------
lf_haa_joint
lf_hfe_joint
lf_kfe_joint
lh_haa_joint
lh_hfe_joint
lh_kfe_joint
rf_haa_joint
rf_hfe_joint
rf_kfe_joint
rh_haa_joint
rh_hfe_joint
rh_kfe_joint
----------------------------
hyq_simple
num_fproc_PEs: 1
len_fproc_sched: 25
--------------
| ID || c1 | d1 ||
|  1 ||  0 |  1 ||
|  2 ||  1 |  1 ||
|  3 ||  2 |  1 ||
|  4 ||  3 |  1 ||
|  5 ||  4 |  4 ||
|  6 ||  5 |  4 ||
|  7 ||  6 |  4 ||
|  8 ||  7 |  7 ||
|  9 ||  8 |  7 ||
| 10 ||  9 |  7 ||
| 11 || 10 | 10 ||
| 12 || 11 | 10 ||
|  0 || 12 | 10 ||
|  0 ||  2 |  2 ||
|  0 ||  3 |  2 ||
|  0 ||  5 |  5 ||
|  0 ||  6 |  5 ||
|  0 ||  8 |  8 ||
|  0 ||  9 |  8 ||
|  0 || 11 | 11 ||
|  0 || 12 | 11 ||
|  0 ||  3 |  3 ||
|  0 ||  6 |  6 ||
|  0 ||  9 |  9 ||
|  0 || 12 | 12 ||
--------------
num_fproc_PEs: 2
len_fproc_sched: 14
--------------
| ID || c1 | d1 || c2 | d2 ||
|  1 ||  0 |  1 ||  0 |  2 ||
|  2 ||  1 |  1 ||  0 |  2 ||
|  3 ||  2 |  1 ||  2 |  2 ||
|  4 ||  3 |  1 ||  3 |  2 ||
|  5 ||  4 |  4 ||  3 |  3 ||
|  6 ||  5 |  4 ||  5 |  5 ||
|  7 ||  6 |  4 ||  6 |  5 ||
|  8 ||  7 |  7 ||  6 |  6 ||
|  9 ||  8 |  7 ||  8 |  8 ||
| 10 ||  9 |  7 ||  9 |  8 ||
| 11 || 10 | 10 ||  9 |  9 ||
| 12 || 11 | 10 || 11 | 11 ||
|  0 || 12 | 10 || 12 | 11 ||
|  0 || 12 | 12 ||  0 | 11 ||
--------------
num_fproc_PEs: 3
len_fproc_sched: 13
--------------
| ID || c1 | d1 || c2 | d2 || c3 | d3 ||
|  1 ||  0 |  1 ||  0 |  2 ||  0 |  3 ||
|  2 ||  1 |  1 ||  0 |  2 ||  0 |  3 ||
|  3 ||  2 |  1 ||  2 |  2 ||  0 |  3 ||
|  4 ||  3 |  1 ||  3 |  2 ||  3 |  3 ||
|  5 ||  4 |  4 ||  0 |  2 ||  0 |  3 ||
|  6 ||  5 |  4 ||  5 |  5 ||  0 |  3 ||
|  7 ||  6 |  4 ||  6 |  5 ||  6 |  6 ||
|  8 ||  7 |  7 ||  0 |  5 ||  0 |  6 ||
|  9 ||  8 |  7 ||  8 |  8 ||  0 |  6 ||
| 10 ||  9 |  7 ||  9 |  8 ||  9 |  9 ||
| 11 || 10 | 10 ||  0 |  8 ||  0 |  9 ||
| 12 || 11 | 10 || 11 | 11 ||  0 |  9 ||
|  0 || 12 | 10 || 12 | 11 || 12 | 12 ||
--------------
num_fproc_PEs: 4
len_fproc_sched: 13
--------------
| ID || c1 | d1 || c2 | d2 || c3 | d3 || c4 | d4 ||
|  1 ||  0 |  1 ||  0 |  2 ||  0 |  3 ||  0 |  1 ||
|  2 ||  1 |  1 ||  0 |  2 ||  0 |  3 ||  0 |  1 ||
|  3 ||  2 |  1 ||  2 |  2 ||  0 |  3 ||  0 |  1 ||
|  4 ||  3 |  1 ||  3 |  2 ||  3 |  3 ||  0 |  1 ||
|  5 ||  4 |  4 ||  0 |  2 ||  0 |  3 ||  0 |  1 ||
|  6 ||  5 |  4 ||  5 |  5 ||  0 |  3 ||  0 |  1 ||
